-14168
0
7
10
11
13
19
19
26
27
33
49
50
50
52
61
62
65
70
71
85
89
91
93
99
106
114
114
117
120
125
127
131
145
148
153
160
160
165
168
168
178
178
179
188
196
198
199
202
202
204
205
219
219
225
231
232
238
240
240
242
245
246
251
253
254
256
262
263
266
270
281
288
290
294
308
308
310
320
329
332
333
336
339
346
348
351
352
355
368
371
375
387
387
392
393
394
394
397
398
404
410
413
414
418
429
430
430
434
440
442
445
450
464
467
470
472
476
478
479
480
493
493
493
497
505
508
509
515
520
526
528
530
539
541
546
548
554
558
558
560
562
562
562
565
566
568
574
575
575
578
584
595
599
602
603
604
606
608
608
615
620
622
624
626
629
630
632
640
647
647
649
649
650
651
652
652
653
666
668
670
676
683
683
686
692
693
693
699
707
708
713
713
718
718
724
727
735
737
739
740
748
758
760
760
761
761
765
769
769
775
779
779
788
794
795
799
809
810
814
823
844
846
848
848
850
851
854
856
859
859
860
861
866
868
868
871
872
873
874
878
880
883
888
892
893
896
899
906
909
910
913
924
927
929
932
938
939
941
941
941
941
945
945
952
956
961
964
967
967
972
978
979
981
991
993
1005
1007
1010
1020
1021
1022
1025
1025
1031
1039
1039
1040
1049
1060
1060
1067
1069
1070
1075
1076
1076
1079
1081
1082
1083
1085
1085
1086
1087
1090
1094
1094
1096
1108
1109
1112
1117
1121
1122
1124
1127
1131
1148
1148
1152
1164
1166
1172
1174
1177
1178
1182
1182
1191
1195
1201
1202
1209
1210
1213
1217
1218
1222
1224
1238
1238
1248
1250
1263
1264
1264
1264
1266
1266
1274
1277
1279
1282
1286
1287
1290
1290
1292
1294
1295
1300
1304
1304
1308
1312
1313
1314
1321
1322
1326
1329
1329
1337
1338
1346
1347
1350
1351
1352
1354
1363
1363
1366
1367
1369
1369
1370
1371
1373
1378
1380
1381
1387
1389
1389
1394
1400
1403
1404
1407
1414
1425
1431
1433
1434
1439
1442
1445
1448
1453
1453
1458
1466
1466
1468
1469
1475
1479
1483
1483
1489
1490
1491
1492
1493
1500
1501
1504
1506
1528
1531
1533
1535
1539
1543
1546
1549
1549
1551
1552
1552
1553
1554
1558
1563
1569
1572
1574
1574
1575
1575
1583
1584
1589
1596
1599
1601
1608
1608
1608
1614
1619
1620
1625
1626
1631
1638
1643
1647
1653
1658
1660
1660
1662
1664
1665
1673
1679
1681
1683
1686
1688
1689
1690
1693
1694
1694
1695
1698
1699
1701
1709
1712
1714
1717
1718
1722
1725
1727
1727
1731
1733
1736
1738
1749
1749
1753
1756
1762
1767
1770
1772
1778
1778
1781
1786
1796
1802
1804
1810
1811
1814
1823
1836
1837
1837
1843
1851
1851
1856
1858
1858
1859
1861
1862
1865
1867
1872
1875
1878
1880
1881
1888
1889
1895
1897
1897
1898
1900
1902
1907
1909
1910
1911
1918
1919
1919
1920
1921
1929
1931
1933
1936
1939
1943
1952
1952
1953
1957
1958
1969
1976
1977
1979
1980
1981
1982
1983
1984
1991
1994
1995
1998
2009
2013
2015
2018
2019
2021
2021
2025
2030
2030
2031
2033
2034
2043
2044
2065
2065
2067
2073
2076
2080
2081
2082
2091
2093
2093
2097
2098
2099
2100
2101
2102
2103
2105
2107
2108
2110
2111
2116
2120
2124
2130
2136
2138
2141
2149
2162
2164
2165
2167
2169
2183
2184
2186
2188
2188
2198
2201
2209
2210
2213
2216
2222
2225
2226
2227
2231
2232
2235
2236
2237
2238
2244
2251
2253
2253
2260
2260
2262
2264
2265
2270
2276
2279
2279
2280
2281
2282
2288
2289
2297
2298
2301
2302
2313
2316
2318
2323
2328
2329
2331
2332
2339
2341
2359
2363
2366
2366
2369
2375
2378
2383
2391
2392
2397
2398
2399
2403
2403
2405
2407
2409
2414
2422
2423
2430
2431
2438
2439
2442
2451
2452
2453
2458
2458
2459
2460
2464
2468
2472
2472
2473
2473
2474
2474
2475
2477
2485
2489
2491
2494
2500
2504
2506
2515
2519
2524
2527
2529
2531
2537
2537
2545
2546
2552
2561
2562
2562
2573
2582
2582
2582
2588
2598
2602
2603
2604
2605
2608
2611
2614
2618
2621
2621
2623
2628
2638
2638
2660
2670
2675
2675
2676
2680
2680
2680
2685
2685
2686
2687
2687
2690
2694
2695
2699
2702
2709
2719
2720
2722
2729
2731
2734
2735
2736
2741
2743
2744
2744
2746
2752
2757
2759
2764
2767
2773
2774
2779
2783
2783
2787
2792
2793
2800
2802
2804
2806
2809
2818
2828
2829
2831
2833
2837
2839
2839
2841
2841
2844
2846
2848
2849
2850
2852
2854
2857
2859
2867
2875
2884
2891
2891
2892
2899
2899
2905
2906
2911
2913
2920
2921
2924
2938
2939
2939
2940
2940
2946
2947
2955
2960
2961
2962
2965
2971
2971
2974
2977
2977
2981
2985
2990
2994
2994
2995
2998
3002
3006
3014
3017
3019
3019
3023
3027
3030
3030
3032
3033
3039
3043
3046
3047
3050
3056
3060
3060
3063
3065
3070
3075
3079
3080
3080
3082
3083
3086
3087
3090
3091
3095
3096
3096
3100
3102
3107
3107
3108
3110
3117
3117
3120
3121
3121
3121
3124
3127
3127
3128
3130
3134
3136
3137
3137
3139
3141
3142
3154
3157
3160
3172
3173
3175
3175
3182
3185
3190
3199
3202
3205
3207
3211
3218
3224
3226
3234
3234
3235
3236
3236
3237
3240
3246
3247
3249
3254
3255
3256
3261
3262
3263
3264
3265
3268
3275
3277
3283
3284
3290
3293
3295
3311
3312
3316
3317
3323
3327
3329
3330
3330
3333
3333
3339
3342
3346
3346
3351
3366
3366
3387
3388
3394
3395
3396
3398
3399
3406
3408
3411
3412
3418
3419
3421
3422
3425
3426
3436
3440
3441
3443
3444
3451
3452
3455
3459
3461
3462
3462
3474
3476
3484
3490
3491
3491
3494
3496
3501
3503
3509
3509
3515
3520
3522
3531
3533
3534
3536
3536
3537
3543
3544
3554
3557
3561
3565
3566
3568
3570
3572
3579
3579
3581
3582
3582
3583
3586
3589
3591
3596
3596
3597
3598
3598
3600
3603
3604
3607
3613
3622
3624
3635
3637
3640
3641
3642
3642
3643
3643
3645
3648
3649
3654
3659
3662
3662
3663
3666
3668
3671
3675
3675
3684
3685
3687
3690
3696
3701
3703
3707
3708
3709
3710
3713
3713
3714
3714
3717
3717
3721
3722
3724
3728
3731
3731
3735
3735
3738
3748
3749
3750
3760
3768
3769
3771
3771
3781
3782
3787
3794
3796
3797
3804
3807
3809
3812
3824
3825
3826
3837
3838
3842
3844
3844
3846
3846
3849
3854
3856
3858
3861
3868
3872
3878
3880
3882
3890
3898
3907
3909
3909
3917
3919
3922
3925
3927
3938
3941
3945
3954
3956
3958
3962
3968
3971
3973
3975
3981
3981
3983
3983
3986
3993
3995
3996
3999
4009
4010
4010
4013
4013
4023
4024
4027
4030
4032
4034
4034
4040
4044
4047
4051
4055
4060
4064
4065
4067
4071
4072
4072
4073
4074
4080
4081
4082
4084
4084
4086
4086
4093
4094
4094
4094
4101
4101
4105
4107
4114
4117
4119
4120
4121
4124
4128
4129
4132
4138
4144
4147
4149
4151
4154
4157
4159
4159
4161
4170
4178
4181
4185
4189
4207
4208
4217
4219
4219
4236
4239
4239
4240
4240
4241
4242
4249
4249
4249
4249
4250
4262
4271
4273
4273
4274
4277
4280
4284
4288
4291
4291
4292
4296
4300
4302
4318
4320
4323
4324
4330
4332
4332
4332
4335
4335
4338
4343
4350
4352
4353
4355
4362
4363
4367
4368
4376
4377
4377
4378
4387
4397
4401
4402
4402
4407
4415
4416
4417
4421
4423
4424
4426
4440
4449
4451
4451
4454
4458
4475
4476
4477
4482
4484
4488
4489
4491
4494
4497
4500
4503
4504
4508
4508
4512
4515
4515
4520
4524
4525
4527
4535
4535
4537
4542
4543
4544
4555
4556
4557
4572
4574
4578
4583
4586
4588
4595
4596
4597
4602
4603
4605
4617
4622
4623
4628
4632
4637
4638
4643
4652
4654
4654
4655
4656
4657
4657
4660
4661
4663
4664
4668
4679
4680
4682
4691
4691
4694
4695
4697
4700
4706
4708
4715
4721
4723
4726
4731
4733
4741
4741
4748
4750
4755
4755
4760
4785
4786
4788
4790
4790
4791
4792
4798
4803
4805
4808
4809
4819
4820
4822
4824
4826
4828
4832
4832
4832
4833
4837
4841
4843
4844
4845
4848
4850
4851
4851
4854
4857
4858
4859
4864
4869
4869
4871
4880
4885
4885
4889
4895
4898
4898
4900
4901
4905
4906
4912
4915
4915
4920
4921
4938
4942
4945
4947
4948
4956
4964
4965
4968
4969
4976
4978
4986
4987
4997
5003
5019
5020
5023
5024
5025
5026
5028
5035
5039
5043
5052
5056
5058
5061
5067
5068
5068
5080
5082
5086
5096
5102
5102
5103
5104
5105
5114
5122
5131
5135
5136
5142
5143
5145
5151
5152
5158
5160
5164
5167
5168
5169
5169
5171
5179
5181
5182
5182
5184
5193
5195
5196
5199
5204
5206
5207
5215
5222
5227
5231
5232
5235
5247
5254
5258
5261
5264
5266
5272
5274
5276
5280
5284
5286
5287
5291
5296
5297
5301
5307
5309
5310
5316
5321
5323
5324
5331
5331
5342
5344
5346
5351
5362
5362
5363
5369
5372
5375
5375
5376
5376
5378
5384
5385
5386
5388
5398
5402
5404
5405
5407
5408
5412
5416
5418
5427
5433
5434
5437
5443
5457
5467
5467
5467
5467
5473
5473
5474
5476
5481
5483
5485
5487
5487
5490
5491
5493
5496
5500
5504
5513
5516
5517
5523
5526
5527
5528
5532
5535
5540
5541
5544
5553
5557
5557
5559
5559
5560
5560
5561
5565
5568
5572
5577
5579
5580
5580
5582
5584
5588
5588
5590
5591
5591
5594
5597
5600
5600
5604
5606
5611
5615
5621
5624
5625
5626
5631
5632
5637
5640
5641
5642
5643
5643
5644
5645
5647
5647
5648
5648
5652
5655
5658
5659
5662
5662
5663
5664
5667
5672
5672
5676
5677
5679
5680
5680
5682
5682
5685
5687
5688
5689
5693
5695
5697
5700
5700
5701
5704
5710
5710
5710
5711
5717
5719
5719
5722
5723
5725
5731
5733
5736
5737
5741
5742
5743
5744
5744
5748
5750
5755
5756
5757
5766
5773
5775
5776
5779
5785
5788
5801
5802
5803
5803
5804
5807
5812
5816
5818
5825
5830
5831
5835
5838
5838
5840
5842
5843
5844
5850
5851
5852
5852
5862
5867
5872
5874
5875
5877
5891
5892
5896
5896
5897
5898
5899
5905
5906
5923
5927
5928
5937
5938
5939
5942
5944
5946
5954
5956
5956
5956
5956
5957
5967
5977
5979
5981
5983
5988
5990
5990
5992
5994
5996
5996
6005
6005
6007
6010
6011
6015
6020
6021
6033
6036
6039
6043
6045
6048
6051
6055
6059
6060
6064
6064
6071
6071
6072
6074
6075
6077
6077
6079
6081
6083
6087
6087
6089
6091
6094
6095
6095
6097
6098
6099
6100
6113
6120
6122
6123
6129
6129
6131
6132
6137
6138
6138
6140
6145
6146
6149
6151
6156
6157
6159
6161
6165
6165
6167
6171
6174
6185
6191
6191
6196
6204
6206
6206
6218
6218
6220
6227
6233
6236
6238
6245
6247
6252
6253
6259
6261
6262
6268
6276
6277
6277
6277
6278
6283
6284
6285
6290
6290
6303
6304
6310
6312
6312
6314
6314
6319
6320
6321
6326
6328
6329
6332
6333
6334
6338
6345
6350
6355
6355
6355
6360
6365
6371
6381
6381
6388
6397
6410
6411
6412
6412
6415
6425
6429
6429
6434
6437
6451
6451
6460
6463
6465
6467
6468
6471
6471
6472
6477
6478
6480
6490
6491
6497
6506
6507
6508
6509
6510
6515
6515
6517
6517
6517
6518
6519
6521
6524
6527
6529
6532
6533
6534
6537
6537
6537
6538
6541
6547
6548
6552
6554
6560
6561
6569
6571
6572
6573
6573
6582
6585
6589
6589
6595
6597
6601
6604
6607
6607
6608
6610
6612
6616
6619
6620
6635
6638
6641
6644
6644
6645
6649
6652
6654
6666
6669
6670
6672
6674
6676
6678
6679
6680
6682
6683
6686
6688
6690
6692
6700
6702
6703
6707
6708
6709
6710
6710
6713
6718
6720
6723
6723
6727
6730
6731
6733
6733
6736
6737
6738
6739
6743
6746
6754
6754
6760
6763
6766
6768
6769
6775
6775
6775
6776
6780
6781
6782
6785
6790
6795
6795
6795
6799
6801
6802
6804
6805
6805
6808
6810
6811
6815
6817
6821
6822
6833
6834
6850
6858
6860
6865
6866
6871
6872
6877
6877
6877
6882
6882
6889
6891
6896
6903
6909
6910
6917
6922
6927
6928
6929
6932
6933
6936
6943
6946
6947
6952
6957
6958
6959
6962
6969
6971
6987
6988
6995
6999
7000
7002
7002
7003
7006
7006
7009
7019
7021
7023
7023
7024
7026
7028
7031
7037
7038
7040
7040
7046
7047
7056
7061
7063
7075
7081
7082
7084
7091
7092
7100
7103
7104
7106
7106
7107
7116
7118
7118
7120
7121
7125
7126
7139
7147
7152
7154
7157
7159
7160
7160
7161
7163
7164
7165
7168
7169
7171
7174
7175
7179
7184
7187
7188
7190
7194
7196
7201
7201
7203
7203
7204
7204
7205
7206
7207
7208
7211
7217
7223
7231
7233
7234
7234
7235
7235
7235
7239
7242
7246
7249
7250
7253
7261
7265
7266
7269
7272
7272
7273
7274
7274
7278
7279
7279
7282
7282
7282
7289
7291
7292
7294
7294
7296
7297
7299
7303
7310
7316
7318
7326
7327
7328
7329
7330
7330
7334
7334
7340
7341
7341
7343
7346
7347
7352
7353
7354
7358
7360
7370
7370
7374
7374
7374
7376
7377
7383
7397
7397
7398
7402
7405
7406
7426
7434
7441
7444
7449
7451
7452
7454
7459
7463
7467
7470
7480
7481
7483
7494
7494
7499
7499
7500
7502
7503
7503
7507
7509
7511
7513
7519
7522
7523
7530
7537
7540
7543
7547
7549
7557
7560
7563
7567
7576
7577
7577
7577
7578
7585
7592
7594
7596
7598
7600
7600
7601
7607
7614
7618
7626
7626
7626
7626
7634
7634
7638
7642
7644
7644
7645
7647
7649
7653
7656
7663
7669
7679
7684
7685
7687
7689
7689
7690
7696
7698
7698
7702
7704
7711
7711
7725
7725
7726
7727
7733
7733
7743
7745
7745
7747
7751
7752
7761
7762
7769
7776
7783
7785
7786
7792
7795
7795
7796
7797
7801
7803
7804
7805
7806
7808
7813
7814
7814
7821
7828
7830
7831
7840
7840
7842
7842
7845
7847
7847
7861
7863
7863
7869
7872
7875
7875
7875
7876
7876
7876
7877
7878
7882
7900
7903
7906
7906
7909
7909
7911
7914
7915
7915
7922
7922
7925
7927
7927
7937
7952
7957
7961
7962
7967
7968
7974
7975
7975
7975
7979
7983
7985
7989
7989
7990
7995
7998
8002
8022
8025
8027
8027
8028
8037
8037
8039
8040
8042
8043
8045
8046
8052
8052
8054
8057
8064
8064
8064
8067
8069
8071
8071
8078
8078
8080
8081
8085
8090
8100
8101
8105
8111
8114
8115
8120
8122
8124
8124
8126
8129
8133
8135
8140
8140
8142
8159
8162
8165
8168
8171
8172
8174
8176
8176
8178
8178
8181
8193
8200
8202
8204
8206
8211
8212
8214
8217
8235
8238
8243
8244
8247
8255
8255
8255
8256
8260
8262
8262
8263
8272
8274
8278
8285
8286
8292
8296
8304
8306
8308
8310
8312
8313
8313
8314
8322
8322
8323
8323
8326
8327
8332
8332
8333
8334
8338
8348
8352
8354
8356
8357
8358
8361
8366
8367
8372
8376
8380
8382
8385
8392
8398
8399
8401
8402
8402
8402
8406
8409
8414
8415
8416
8417
8418
8420
8421
8426
8427
8427
8431
8432
8435
8438
8446
8452
8454
8454
8456
8461
8466
8470
8472
8472
8475
8479
8481
8482
8485
8485
8490
8492
8498
8499
8502
8507
8510
8520
8526
8527
8532
8542
8543
8549
8549
8551
8554
8555
8564
8568
8580
8582
8583
8587
8590
8590
8591
8603
8617
8617
8618
8619
8624
8626
8632
8644
8650
8654
8657
8667
8668
8674
8676
8685
8685
8687
8690
8695
8712
8713
8714
8716
8724
8733
8739
8746
8746
8748
8749
8753
8755
8758
8764
8772
8774
8788
8803
8808
8810
8812
8817
8821
8824
8832
8838
8842
8846
8857
8857
8858
8859
8859
8860
8860
8866
8867
8873
8874
8887
8890
8897
8897
8903
8903
8905
8907
8914
8917
8925
8929
8931
8934
8936
8938
8945
8966
8967
8970
8971
8975
8976
8979
8982
8988
8989
8990
8991
8992
8993
8997
9004
9006
9007
9007
9020
9021
9026
9026
9027
9027
9027
9032
9035
9037
9038
9042
9045
9048
9052
9053
9058
9059
9062
9068
9080
9081
9085
9086
9091
9100
9108
9112
9113
9115
9115
9115
9116
9117
9119
9126
9127
9130
9133
9136
9136
9137
9138
9139
9148
9151
9151
9154
9157
9157
9163
9169
9172
9177
9180
9186
9189
9193
9199
9202
9208
9217
9218
9225
9225
9227
9231
9238
9239
9240
9249
9251
9255
9260
9263
9263
9267
9274
9277
9277
9280
9280
9281
9285
9291
9295
9296
9301
9302
9303
9305
9306
9311
9313
9316
9318
9320
9323
9329
9332
9334
9335
9336
9340
9343
9347
9348
9350
9355
9355
9356
9362
9362
9368
9369
9374
9381
9390
9390
9393
9395
9395
9398
9407
9407
9419
9421
9428
9428
9430
9438
9441
9446
9450
9451
9451
9452
9460
9464
9468
9475
9476
9477
9479
9482
9482
9490
9496
9498
9500
9501
9507
9509
9512
9515
9516
9518
9519
9528
9528
9534
9535
9539
9551
9552
9559
9564
9569
9569
9575
9578
9579
9582
9582
9584
9587
9589
9591
9593
9593
9594
9594
9598
9599
9600
9602
9603
9608
9609
9612
9615
9616
9630
9631
9640
9642
9649
9652
9655
9660
9672
9672
9673
9676
9683
9688
9688
9695
9696
9697
9700
9705
9707
9708
9709
9718
9719
9721
9722
9724
9729
9730
9731
9734
9740
9743
9746
9747
9751
9759
9770
9776
9776
9776
9780
9781
9785
9785
9789
9802
9803
9805
9805
9810
9812
9818
9826
9827
9830
9831
9831
9833
9845
9845
9846
9850
9851
9853
9856
9861
9865
9867
9872
9877
9877
9877
9880
9884
9892
9892
9896
9896
9898
9900
9905
9906
9907
9907
9913
9915
9915
9915
9927
9928
9948
9948
9949
9949
9952
9953
9954
9956
9960
9961
9963
9967
9972
9973
9977
9979
9983
9984
9985
9985
9987
9994
9995
10001
10003
10006
10011
10014
10014
10015
10016
10021
10024
10025
10029
10030
10032
10041
10045
10046
10064
10066
10074
10074
10077
10078
10078
10080
10080
10086
10088
10091
10102
10105
10106
10106
10106
10107
10111
10121
10132
10137
10138
10138
10140
10141
10143
10148
10150
10157
10158
10164
10165
10168
10169
10169
10170
10174
10177
10178
10180
10190
10195
10200
10210
10218
10224
10231
10237
10244
10247
10248
10249
10251
10258
10261
10270
10273
10278
10281
10282
10290
10291
10292
10293
10294
10304
10308
10311
10312
10314
10315
10317
10325
10328
10334
10343
10350
10359
10360
10371
10371
10376
10376
10376
10381
10382
10384
10384
10390
10392
10392
10395
10402
10405
10406
10407
10409
10410
10416
10419
10424
10425
10428
10433
10434
10435
10436
10443
10444
10445
10445
10447
10448
10450
10452
10455
10467
10471
10475
10480
10482
10483
10490
10494
10494
10498
10500
10502
10505
10508
10510
10510
10511
10518
10519
10525
10527
10528
10529
10530
10532
10534
10537
10540
10540
10544
10549
10558
10566
10567
10572
10577
10583
10584
10585
10597
10600
10600
10602
10603
10615
10619
10620
10621
10621
10622
10624
10627
10631
10632
10635
10643
10648
10650
10657
10659
10661
10663
10664
10664
10664
10668
10672
10677
10679
10681
10684
10686
10688
10689
10693
10707
10708
10710
10712
10716
10717
10717
10720
10722
10724
10725
10727
10728
10730
10733
10735
10736
10736
10737
10738
10739
10740
10743
10747
10748
10752
10754
10757
10763
10766
10767
10770
10771
10774
10775
10776
10777
10777
10778
10779
10784
10787
10793
10795
10801
10801
10802
10803
10808
10812
10815
10825
10826
10826
10827
10832
10840
10841
10844
10845
10848
10851
10853
10853
10857
10858
10859
10859
10861
10862
10867
10876
10878
10882
10882
10885
10887
10892
10892
10892
10893
10894
10896
10898
10900
10901
10901
10905
10910
10911
10916
10918
10922
10923
10927
10927
10929
10930
10936
10946
10958
10959
10960
10960
10963
10964
10966
10966
10969
10973
10973
10980
10981
10985
10987
10987
10994
10994
10996
11000
11005
11010
11010
11011
11021
11021
11021
11023
11029
11035
11037
11043
11044
11056
11062
11063
11071
11071
11072
11073
11079
11080
11082
11085
11087
11092
11092
11095
11095
11095
11102
11104
11110
11113
11115
11116
11119
11125
11126
11135
11147
11148
11156
11157
11159
11164
11185
11189
11198
11204
11207
11207
11213
11215
11217
11219
11219
11221
11225
11237
11244
11248
11252
11252
11253
11254
11260
11266
11267
11269
11270
11279
11280
11283
11283
11284
11288
11292
11297
11298
11303
11305
11311
11311
11311
11311
11318
11319
11323
11324
11326
11336
11337
11338
11341
11342
11344
11346
11347
11347
11356
11358
11363
11366
11367
11367
11378
11381
11382
11402
11403
11405
11413
11415
11419
11420
11423
11429
11433
11436
11446
11449
11450
11455
11456
11460
11461
11464
11464
11466
11473
11480
11480
11482
11483
11484
11485
11486
11490
11493
11500
11501
11501
11502
11503
11512
11513
11515
11521
11525
11527
11529
11529
11540
11545
11545
11546
11551
11555
11562
11568
11568
11568
11572
11573
11576
11581
11581
11582
11586
11597
11601
11609
11610
11612
11613
11614
11614
11614
11614
11616
11618
11620
11630
11632
11644
11649
11656
11660
11662
11663
11665
11666
11668
11669
11669
11670
11676
11676
11678
11683
11689
11689
11690
11694
11699
11700
11703
11704
11704
11708
11720
11723
11724
11726
11735
11737
11752
11754
11757
11762
11763
11763
11766
11767
11767
11774
11774
11777
11779
11790
11791
11796
11796
11797
11797
11802
11804
11804
11811
11811
11818
11819
11821
11823
11824
11833
11834
11835
11835
11838
11841
11843
11844
11846
11848
11850
11850
11852
11864
11865
11867
11867
11869
11882
11883
11884
11890
11892
11892
11897
11897
11917
11918
11919
11921
11921
11923
11926
11930
11930
11934
11941
11942
11945
11946
11946
11948
11949
11955
11961
11961
11972
11978
11981
11984
11987
11990
11991
11995
12010
12015
12023
12035
12044
12045
12052
12055
12057
12058
12064
12064
12065
12071
12091
12091
12099
12105
12108
12110
12112
12114
12116
12118
12122
12124
12126
12129
12130
12132
12133
12148
12151
12152
12156
12157
12161
12162
12165
12165
12172
12172
12174
12180
12182
12184
12188
12194
12197
12201
12201
12203
12204
12207
12207
12214
12218
12221
12223
12227
12229
12239
12240
12244
12246
12248
12253
12253
12258
12260
12265
12277
12278
12279
12280
12285
12286
12286
12287
12298
12302
12306
12309
12310
12313
12314
12317
12317
12326
12327
12327
12328
12328
12330
12330
12332
12333
12334
12335
12352
12356
12365
12366
12370
12370
12370
12373
12375
12377
12379
12382
12383
12383
12385
12389
12391
12392
12392
12394
12397
12398
12399
12405
12409
12414
12416
12417
12417
12421
12423
12423
12442
12443
12444
12446
12447
12447
12453
12455
12456
12456
12457
12457
12462
12465
12466
12473
12477
12480
12492
12493
12499
12504
12507
12512
12513
12516
12516
12519
12520
12525
12527
12532
12533
12535
12536
12538
12546
12547
12549
12550
12552
12556
12567
12568
12569
12575
12575
12579
12579
12587
12595
12596
12596
12598
12600
12604
12605
12612
12620
12622
12630
12632
12634
12642
12643
12644
12644
12644
12649
12649
12652
12653
12658
12659
12663
12664
12667
12668
12670
12675
12677
12680
12682
12684
12691
12693
12694
12695
12698
12699
12700
12702
12705
12706
12709
12711
12717
12723
12735
12737
12738
12739
12742
12742
12745
12745
12745
12748
12749
12751
12757
12761
12764
12766
12778
12781
12782
12790
12791
12793
12797
12798
12799
12799
12805
12807
12814
12815
12816
12817
12820
12825
12825
12826
12826
12827
12831
12833
12836
12838
12841
12843
12846
12847
12852
12854
12858
12866
12870
12872
12874
12874
12878
12882
12883
12884
12887
12891
12894
12895
12899
12899
12901
12901
12909
12914
12919
12920
12927
12927
12930
12935
12935
12936
12939
12940
12941
12942
12945
12946
12951
12952
12955
12955
12959
12965
12966
12966
12966
12967
12967
12969
12974
12981
12987
12988
12989
12991
12996
12998
13000
13003
13004
13009
13014
13014
13020
13027
13030
13030
13033
13040
13043
13049
13051
13052
13054
13056
13060
13061
13062
13065
13065
13071
13074
13075
13075
13082
13093
13094
13094
13099
13101
13102
13103
13104
13104
13108
13111
13113
13113
13114
13114
13116
13116
13119
13127
13127
13128
13132
13134
13137
13139
13141
13144
13149
13156
13163
13164
13166
13168
13172
13172
13173
13175
13176
13178
13181
13184
13187
13195
13196
13198
13200
13200
13203
13206
13207
13208
13208
13211
13223
13228
13230
13235
13250
13259
13259
13262
13268
13269
13270
13272
13276
13278
13278
13284
13286
13292
13303
13303
13303
13306
13308
13310
13320
13327
13334
13335
13349
13354
13356
13362
13370
13374
13377
13378
13379
13387
13388
13393
13394
13394
13396
13398
13405
13409
13409
13416
13417
13429
13429
13436
13442
13455
13456
13456
13466
13467
13467
13475
13485
13486
13488
13491
13492
13498
13500
13502
13502
13503
13504
13506
13506
13510
13511
13522
13529
13532
13543
13543
13547
13547
13552
13556
13562
13563
13565
13575
13582
13587
13590
13593
13595
13595
13596
13599
13601
13603
13605
13606
13606
13613
13613
13615
13617
13618
13623
13626
13640
13641
13652
13654
13656
13659
13666
13667
13668
13668
13669
13670
13674
13680
13686
13699
13699
13702
13707
13715
13715
13718
13721
13722
13725
13729
13736
13737
13744
13748
13749
13753
13754
13754
13757
13758
13759
13762
13763
13775
13782
13782
13791
13792
13798
13805
13806
13807
13809
13811
13811
13812
13816
13819
13822
13824
13824
13825
13825
13827
13828
13830
13835
13835
13845
13853
13864
13868
13876
13876
13879
13895
13896
13899
13899
13905
13914
13917
13919
13923
13926
13930
13932
13939
13941
13947
13947
13950
13956
13956
13958
13961
13975
13976
13980
13984
13986
13994
14003
14004
14006
14008
14008
14025
14025
14029
14030
14030
14034
14039
14040
14043
14044
14050
14052
14053
14058
14061
14061
14062
14062
14064
14065
14067
14068
14071
14073
14077
14078
14079
14079
14081
14084
14085
14087
14091
14092
14092
14095
14104
14105
14107
14107
14109
14110
14112
14117
14127
14127
14131
14131
14144
14146
14146
14151
14154
14161
14174
14177
14177
14183
14183
14184
14186
14191
14198
14208
14211
14212
14215
14223
14226
14226
14237
14243
14249
14250
14254
14266
14272
14273
14275
14281
14282
14284
14289
14294
14298
14299
14300
14303
14304
14311
14311
14314
14326
14326
14354
14356
14358
14363
14375
14377
14385
14396
14398
14399
14400
14400
14404
14421
14424
14427
14434
14445
14450
14456
14468
14470
14472
14473
14475
14477
14477
14478
14478
14484
14485
14486
14491
14491
14495
14496
14497
14502
14504
14510
14513
14517
14522
14526
14527
14534
14534
14536
14537
14544
14554
14556
14576
14584
14591
14596
14603
14609
14610
14612
14613
14620
14621
14624
14628
14632
14636
14636
14637
14640
14640
14640
14641
14643
14646
14647
14649
14654
14655
14656
14657
14657
14661
14667
14668
14671
14673
14675
14685
14689
14689
14691
14695
14695
14710
14710
14712
14713
14714
14716
14723
14724
14724
14726
14733
14733
14733
14741
14743
14747
14755
14755
14757
14757
14762
14766
14772
14779
14785
14785
14785
14798
14801
14805
14810
14819
14819
14820
14823
14824
14828
14830
14831
14839
14847
14848
14854
14866
14869
14877
14877
14878
14882
14884
14885
14886
14887
14889
14893
14898
14900
14910
14910
14916
14925
14925
14931
14938
14940
14943
14943
14957
14958
14959
14961
14975
14976
14977
14979
14981
14986
14989
14989
14996
15001
15004
15008
15011
15012
15013
15013
15019
15020
15025
15032
15043
15059
15059
15062
15062
15063
15063
15063
15065
15065
15066
15068
15070
15077
15078
15079
15082
15085
15096
15097
15103
15115
15120
15128
15130
15139
15139
15142
15144
15148
15148
15148
15155
15168
15169
15171
15171
15176
15183
15197
15208
15218
15220
15228
15228
15230
15232
15232
15234
15237
15238
15239
15244
15245
15247
15247
15250
15251
15252
15256
15257
15261
15261
15261
15262
15266
15266
15267
15269
15275
15280
15282
15283
15307
15314
15330
15334
15334
15339
15340
15343
15348
15349
15356
15356
15359
15361
15362
15378
15382
15387
15396
15400
15402
15405
15407
15408
15410
15420
15421
15422
15425
15425
15434
15435
15442
15442
15443
15450
15451
15454
15467
15468
15469
15470
15471
15472
15481
15482
15485
15486
15488
15492
15492
15492
15494
15500
15503
15503
15504
15504
15505
15514
15522
15523
15523
15528
15532
15534
15535
15536
15536
15540
15540
15542
15544
15550
15551
15551
15555
15558
15560
15561
15563
15572
15581
15585
15588
15590
15593
15607
15608
15612
15614
15616
15617
15617
15618
15619
15621
15627
15628
15630
15632
15636
15638
15640
15645
15654
15655
15657
15662
15663
15663
15666
15671
15679
15680
15681
15683
15689
15702
15703
15705
15705
15706
15706
15709
15710
15715
15719
15719
15721
15722
15723
15723
15724
15727
15727
15727
15730
15730
15731
15731
15736
15736
15736
15737
15737
15739
15740
15742
15745
15762
15768
15775
15776
15776
15777
15778
15784
15786
15787
15787
15787
15788
15796
15798
15798
15798
15802
15802
15810
15814
15822
15823
15823
15823
15825
15832
15841
15844
15849
15852
15854
15856
15860
15867
15868
15876
15883
15886
15890
15893
15896
15903
15915
15918
15919
15921
15931
15936
15937
15941
15942
15945
15947
15950
15952
15952
15954
15961
15961
15966
15977
15987
15988
15989
15991
15992
15992
15994
15994
15994
15996
16006
16007
16020
16020
16022
16023
16024
16027
16027
16034
16034
16039
16039
16043
16043
16052
16056
16058
16058
16059
16059
16060
16061
16078
16080
16082
16088
16090
16091
16095
16100
16101
16104
16105
16105
16106
16110
16115
16120
16122
16124
16125
16125
16126
16131
16133
16136
16136
16141
16141
16145
16148
16153
16161
16167
16169
16169
16177
16183
16184
16187
16188
16189
16201
16201
16208
16208
16214
16220
16220
16228
16231
16236
16237
16237
16247
16252
16255
16257
16261
16265
16270
16272
16273
16273
16276
16276
16281
16282
16283
16285
16291
16293
16293
16298
16302
16306
16307
16318
16318
16321
16324
16326
16330
16337
16338
16339
16345
16356
16366
16368
16371
16373
16381
16381
16382
16388
16388
16389
16396
16401
16406
16407
16409
16410
16417
16418
16418
16419
16421
16422
16427
16428
16433
16433
16433
16433
16433
16437
16440
16441
16442
16444
16446
16450
16455
16456
16462
16466
16470
16474
16475
16480
16481
16490
16500
16504
16509
16513
16514
16518
16523
16533
16533
16534
16540
16543
16546
16549
16552
16552
16555
16558
16561
16563
16567
16568
16569
16575
16580
16584
16591
16592
16597
16597
16601
16604
16605
16608
16609
16612
16614
16620
16622
16634
16640
16644
16649
16653
16654
16657
16664
16665
16673
16675
16676
16677
16679
16682
16682
16682
16683
16684
16692
16695
16702
16706
16712
16724
16727
16729
16740
16755
16759
16762
16766
16768
16769
16773
16774
16780
16782
16785
16789
16794
16795
16798
16799
16800
16801
16801
16806
16808
16813
16814
16816
16816
16820
16820
16822
16823
16824
16825
16827
16829
16835
16838
16838
16840
16841
16841
16844
16845
16853
16854
16857
16859
16860
16862
16863
16864
16866
16867
16871
16876
16876
16877
16877
16887
16887
16900
16903
16909
16924
16924
16928
16931
16942
16942
16945
16947
16948
16950
16959
16959
16963
16963
16964
16969
16969
16971
16975
16980
16980
16981
16982
16983
16984
16984
16986
16988
16993
16996
16998
16999
17002
17009
17014
17016
17018
17019
17024
17026
17027
17028
17028
17034
17040
17041
17049
17049
17052
17055
17055
17056
17056
17062
17067
17073
17075
17076
17078
17085
17094
17095
17098
17099
17104
17104
17107
17108
17114
17119
17122
17123
17128
17145
17148
17150
17153
17155
17155
17160
17160
17161
17164
17167
17175
17176
17179
17183
17188
17195
17196
17199
17208
17209
17213
17215
17220
17225
17228
17229
17230
17231
17236
17240
17245
17250
17251
17252
17253
17255
17258
17261
17265
17268
17270
17271
17280
17287
17288
17289
17290
17294
17297
17299
17305
17307
17307
17308
17308
17317
17323
17327
17329
17330
17333
17337
17338
17343
17353
17362
17367
17368
17368
17370
17374
17375
17377
17383
17389
17392
17397
17401
17404
17406
17409
17413
17414
17415
17421
17421
17423
17426
17431
17432
17433
17436
17438
17446
17449
17454
17455
17457
17462
17464
17465
17469
17470
17474
17476
17477
17478
17480
17485
17488
17491
17493
17498
17502
17509
17509
17510
17514
17518
17522
17530
17531
17533
17534
17538
17544
17548
17551
17555
17560
17560
17561
17562
17565
17566
17571
17573
17579
17584
17585
17587
17588
17590
17593
17595
17597
17612
17612
17614
17616
17617
17624
17626
17627
17627
17628
17636
17643
17650
17652
17661
17662
17671
17675
17675
17678
17681
17687
17690
17691
17694
17695
17695
17696
17700
17700
17702
17702
17705
17708
17711
17713
17715
17718
17719
17720
17720
17723
17729
17730
17731
17733
17740
17745
17746
17750
17752
17755
17757
17758
17762
17763
17763
17772
17773
17775
17778
17782
17782
17784
17787
17793
17796
17803
17807
17808
17811
17812
17815
17819
17820
17827
17829
17829
17838
17843
17850
17852
17856
17857
17857
17859
17860
17869
17873
17879
17889
17894
17894
17895
17911
17919
17921
17922
17922
17925
17925
17925
17926
17937
17944
17948
17950
17951
17965
17967
17970
17973
17983
17985
17989
17989
17991
17992
17996
17998
17999
18002
18005
18006
18008
18011
18012
18021
18025
18026
18028
18029
18032
18033
18033
18034
18034
18037
18040
18050
18051
18054
18055
18062
18066
18076
18077
18083
18084
18084
18086
18088
18089
18092
18103
18103
18108
18111
18112
18112
18114
18118
18118
18121
18121
18127
18127
18128
18131
18137
18137
18138
18138
18140
18151
18154
18155
18156
18158
18163
18165
18166
18166
18167
18176
18177
18177
18185
18186
18188
18190
18193
18195
18197
18197
18204
18215
18221
18226
18230
18232
18234
18237
18244
18248
18251
18256
18257
18261
18262
18268
18272
18273
18275
18275
18284
18286
18287
18288
18288
18297
18305
18305
18307
18313
18313
18317
18321
18326
18332
18349
18350
18353
18356
18365
18369
18394
18399
18399
18410
18411
18411
18414
18415
18418
18418
18420
18421
18426
18426
18427
18429
18430
18434
18445
18445
18446
18447
18450
18452
18454
18458
18464
18470
18470
18471
18479
18488
18490
18493
18494
18496
18498
18502
18503
18525
18527
18529
18531
18533
18534
18536
18537
18541
18542
18545
18550
18553
18562
18573
18577
18578
18581
18582
18582
18584
18585
18587
18592
18592
18595
18599
18601
18612
18613
18616
18617
18619
18623
18623
18626
18628
18631
18640
18642
18642
18645
18647
18652
18656
18656
18657
18658
18659
18659
18663
18664
18672
18677
18685
18688
18691
18700
18701
18701
18709
18718
18721
18721
18733
18736
18746
18746
18747
18749
18752
18753
18759
18762
18764
18769
18769
18771
18778
18782
18785
18798
18805
18808
18814
18818
18820
18829
18830
18830
18835
18835
18844
18845
18847
18853
18860
18865
18870
18871
18874
18875
18879
18882
18884
18886
18888
18891
18895
18897
18897
18901
18905
18908
18910
18913
18913
18920
18921
18923
18924
18926
18926
18934
18934
18936
18940
18940
18947
18953
18954
18954
18955
18957
18958
18958
18958
18959
18961
18965
18966
18967
18971
18976
18979
18986
18989
18990
18995
18999
19002
19002
19003
19004
19011
19017
19020
19023
19028
19038
19044
19045
19061
19063
19064
19067
19070
19073
19078
19080
19084
19088
19096
19098
19101
19107
19107
19110
19125
19129
19131
19131
19133
19133
19138
19140
19145
19146
19148
19150
19159
19164
19164
19164
19168
19170
19172
19174
19177
19181
19181
19186
19189
19189
19192
19193
19196
19197
19197
19200
19201
19206
19206
19210
19211
19222
19235
19238
19241
19241
19244
19246
19250
19255
19261
19267
19270
19276
19278
19281
19281
19287
19291
19294
19296
19306
19313
19324
19329
19336
19337
19338
19340
19340
19342
19345
19346
19347
19347
19355
19361
19363
19363
19368
19368
19368
19374
19382
19383
19388
19395
19396
19401
19407
19408
19408
19411
19415
19417
19419
19421
19424
19427
19428
19430
19436
19436
19440
19440
19442
19460
19468
19469
19475
19476
19476
19479
19481
19485
19486
19486
19487
19487
19489
19493
19497
19503
19504
19505
19516
19517
19520
19539
19543
19549
19552
19554
19560
19560
19566
19570
19572
19575
19575
19579
19589
19590
19590
19590
19591
19592
19594
19598
19602
19604
19605
19611
19612
19617
19617
19620
19624
19628
19631
19637
19640
19642
19652
19653
19661
19664
19666
19673
19674
19675
19675
19675
19677
19682
19683
19684
19693
19694
19694
19699
19712
19717
19721
19722
19728
19732
19734
19736
19736
19739
19740
19742
19744
19746
19749
19751
19758
19758
19760
19762
19766
19767
19768
19772
19773
19773
19776
19776
19784
19787
19787
19788
19794
19798
19799
19800
19801
19810
19816
19821
19824
19824
19828
19830
19832
19834
19836
19849
19851
19857
19859
19862
19867
19868
19868
19880
19889
19904
19905
19913
19914
19915
19916
19916
19927
19927
19930
19936
19938
19940
19950
19961
19963
19970
19971
19978
19981
19983
19984
19985
19991
19993
19995
19997
19998
19999
20000
20004
20004
20005
20005
20011
20013
20016
20019
20020
20020
20021
20022
20025
20027
20029
20029
20037
20043
20045
20054
20056
20056
20058
20062
20063
20064
20065
20068
20070
20072
20073
20075
20075
20084
20086
20093
20098
20107
20107
20109
20115
20116
20120
20122
20124
20124
20127
20131
20143
20144
20144
20147
20155
20156
20156
20160
20162
20166
20171
20173
20178
20178
20180
20188
20189
20191
20195
20201
20202
20203
20206
20207
20214
20216
20219
20224
20227
20233
20238
20244
20248
20252
20256
20268
20269
20269
20271
20286
20289
20292
20295
20296
20298
20303
20313
20317
20323
20326
20330
20335
20339
20344
20350
20351
20358
20360
20366
20375
20388
20396
20397
20402
20405
20409
20411
20412
20412
20416
20416
20419
20426
20449
20453
20453
20454
20463
20464
20466
20467
20471
20471
20475
20475
20482
20484
20484
20485
20490
20491
20499
20500
20501
20503
20503
20507
20509
20510
20512
20517
20520
20522
20522
20523
20524
20524
20528
20528
20531
20531
20537
20539
20541
20544
20546
20550
20554
20555
20557
20557
20559
20562
20567
20572
20574
20576
20579
20579
20580
20586
20600
20603
20606
20612
20612
20614
20616
20617
20621
20621
20621
20629
20630
20633
20638
20640
20642
20643
20643
20647
20650
20651
20652
20656
20656
20656
20661
20661
20671
20674
20677
20678
20678
20683
20686
20695
20699
20700
20700
20704
20717
20719
20723
20726
20728
20729
20729
20730
20730
20733
20739
20762
20767
20767
20767
20768
20770
20771
20772
20775
20781
20783
20787
20798
20800
20801
20802
20804
20805
20805
20806
20810
20813
20814
20819
20827
20827
20834
20835
20839
20843
20845
20846
20849
20855
20855
20872
20873
20877
20884
20884
20889
20893
20893
20899
20903
20907
20908
20908
20909
20910
20912
20920
20925
20930
20939
20961
20962
20964
20980
20984
20988
20997
21003
21004
21009
21009
21018
21025
21026
21041
21042
21042
21043
21051
21053
21061
21066
21067
21077
21080
21081
21086
21087
21090
21090
21091
21097
21100
21101
21106
21108
21114
21116
21124
21134
21136
21138
21139
21141
21142
21144
21149
21151
21152
21153
21158
21161
21162
21162
21168
21168
21169
21173
21174
21178
21183
21192
21195
21196
21200
21202
21204
21205
21211
21217
21219
21223
21226
21228
21232
21234
21248
21248
21254
21256
21261
21262
21264
21266
21267
21269
21270
21276
21292
21293
21295
21299
21302
21305
21305
21309
21310
21315
21318
21318
21318
21320
21326
21328
21334
21337
21338
21339
21341
21343
21346
21350
21351
21355
21367
21369
21369
21372
21372
21378
21379
21380
21381
21381
21385
21388
21390
21391
21394
21395
21397
21402
21402
21409
21410
21412
21415
21416
21417
21418
21426
21431
21436
21436
21437
21446
21448
21448
21449
21450
21455
21455
21464
21466
21470
21474
21475
21477
21479
21479
21479
21487
21487
21488
21495
21495
21498
21501
21506
21510
21511
21519
21521
21529
21531
21532
21538
21543
21543
21545
21547
21547
21549
21553
21553
21553
21555
21559
21561
21561
21565
21577
21577
21581
21582
21588
21592
21597
21599
21602
21604
21609
21615
21628
21631
21631
21635
21639
21643
21644
21645
21650
21650
21651
21657
21657
21663
21664
21664
21667
21668
21669
21673
21675
21679
21689
21694
21700
21703
21704
21706
21714
21716
21719
21721
21724
21725
21736
21736
21743
21743
21752
21753
21754
21755
21756
21757
21765
21765
21765
21768
21769
21775
21778
21783
21787
21791
21791
21795
21806
21810
21813
21815
21817
21821
21826
21831
21833
21836
21836
21839
21858
21861
21867
21869
21870
21872
21872
21874
21879
21881
21886
21888
21899
21904
21911
21915
21916
21921
21927
21929
21931
21934
21938
21941
21942
21943
21945
21953
21957
21965
21968
21972
21973
21974
21975
21982
21987
21996
21996
21997
21998
21999
22004
22012
22014
22016
22019
22024
22026
22035
22037
22043
22046
22049
22052
22052
22057
22061
22062
22064
22064
22064
22066
22067
22074
22076
22086
22086
22088
22089
22092
22095
22095
22101
22106
22107
22108
22113
22114
22114
22116
22116
22122
22125
22131
22132
22133
22133
22145
22147
22151
22154
22160
22161
22163
22174
22182
22182
22186
22189
22192
22194
22204
22215
22217
22218
22220
22221
22223
22227
22227
22228
22230
22234
22237
22249
22256
22258
22259
22262
22265
22273
22273
22275
22282
22282
22283
22287
22287
22294
22298
22301
22303
22304
22307
22314
22319
22322
22325
22328
22331
22340
22343
22345
22345
22348
22349
22349
22356
22361
22361
22362
22365
22367
22373
22374
22374
22379
22379
22381
22382
22394
22396
22402
22407
22422
22432
22445
22447
22453
22456
22458
22458
22460
22464
22467
22470
22471
22474
22477
22478
22478
22483
22484
22488
22494
22496
22499
22500
22501
22502
22507
22509
22512
22512
22512
22513
22513
22514
22517
22520
22526
22530
22534
22535
22536
22546
22549
22549
22553
22555
22555
22556
22556
22560
22561
22566
22568
22568
22574
22576
22582
22583
22584
22585
22586
22591
22599
22599
22600
22600
22602
22607
22616
22620
22626
22626
22628
22635
22636
22638
22642
22645
22651
22653
22655
22668
22672
22674
22682
22686
22694
22695
22695
22695
22709
22710
22716
22717
22717
22719
22724
22726
22733
22734
22738
22739
22742
22746
22746
22746
22747
22754
22757
22757
22770
22773
22783
22784
22788
22789
22790
22791
22792
22792
22794
22804
22817
22819
22821
22823
22825
22827
22829
22833
22849
22852
22853
22857
22863
22864
22874
22874
22874
22876
22878
22879
22880
22884
22887
22893
22895
22898
22905
22910
22913
22916
22917
22917
22918
22921
22922
22925
22928
22929
22935
22936
22941
22946
22946
22949
22951
22957
22963
22965
22969
22976
22977
22978
22979
22980
22981
22983
22989
22991
22991
22998
23000
23003
23005
23006
23007
23008
23009
23014
23015
23016
23017
23024
23032
23042
23048
23058
23059
23071
23074
23075
23076
23085
23086
23087
23090
23092
23094
23096
23100
23100
23102
23102
23102
23114
23116
23126
23130
23133
23136
23143
23145
23151
23155
23158
23162
23164
23164
23169
23171
23174
23175
23176
23178
23179
23180
23183
23184
23186
23187
23190
23190
23196
23200
23204
23207
23208
23208
23209
23210
23224
23224
23224
23226
23233
23234
23236
23238
23239
23241
23245
23252
23256
23260
23267
23271
23273
23276
23277
23278
23279
23281
23284
23294
23297
23300
23303
23305
23309
23314
23315
23317
23317
23319
23323
23324
23324
23329
23330
23332
23338
23342
23346
23350
23350
23350
23354
23361
23362
23363
23365
23375
23376
23377
23377
23379
23384
23388
23399
23401
23406
23406
23410
23414
23429
23441
23445
23450
23453
23455
23459
23462
23466
23468
23474
23474
23480
23481
23491
23494
23495
23498
23500
23501
23509
23516
23518
23519
23520
23523
23529
23547
23551
23552
23554
23560
23560
23561
23565
23566
23569
23574
23577
23579
23582
23589
23593
23599
23612
23613
23613
23618
23618
23623
23625
23627
23628
23628
23628
23631
23631
23632
23638
23642
23652
23658
23659
23667
23669
23670
23672
23681
23684
23688
23689
23694
23707
23708
23710
23711
23716
23724
23726
23729
23737
23746
23746
23746
23749
23751
23763
23769
23770
23772
23777
23777
23780
23782
23784
23792
23796
23799
23800
23810
23820
23836
23839
23840
23843
23854
23855
23857
23859
23861
23865
23873
23874
23879
23880
23885
23891
23892
23894
23895
23896
23901
23902
23906
23909
23911
23913
23930
23930
23931
23933
23935
23935
23938
23938
23946
23957
23959
23961
23966
23969
23974
23975
23983
23986
23987
23988
23990
23995
23999
24003
24003
24006
24007
24009
24014
24014
24016
24018
24020
24027
24027
24033
24039
24043
24044
24047
24053
24055
24061
24063
24069
24069
24075
24080
24080
24081
24092
24094
24101
24107
24113
24114
24115
24126
24126
24135
24143
24144
24145
24148
24153
24158
24163
24164
24165
24171
24172
24176
24180
24185
24185
24187
24190
24192
24193
24196
24199
24201
24204
24205
24210
24220
24222
24224
24227
24233
24238
24238
24250
24256
24256
24257
24260
24262
24263
24264
24265
24271
24273
24275
24276
24278
24279
24281
24281
24284
24287
24288
24289
24291
24291
24304
24308
24308
24314
24314
24319
24320
24322
24328
24331
24333
24335
24337
24339
24340
24342
24344
24345
24348
24349
24350
24355
24357
24358
24365
24366
24368
24374
24375
24381
24387
24394
24396
24396
24397
24398
24399
24406
24425
24425
24426
24436
24442
24449
24456
24459
24459
24462
24466
24468
24474
24476
24476
24480
24486
24487
24487
24490
24491
24496
24504
24505
24512
24513
24514
24515
24516
24522
24522
24523
24523
24525
24527
24527
24535
24539
24542
24545
24545
24552
24552
24553
24557
24564
24564
24566
24573
24576
24576
24582
24582
24585
24601
24603
24603
24606
24608
24610
24610
24612
24617
24619
24623
24625
24626
24629
24631
24631
24635
24635
24638
24641
24643
24645
24645
24648
24649
24650
24650
24656
24659
24662
24664
24665
24670
24674
24674
24676
24680
24682
24685
24686
24694
24694
24694
24696
24702
24703
24705
24706
24713
24718
24720
24725
24729
24732
24732
24733
24738
24738
24745
24745
24746
24746
24748
24756
24757
24759
24761
24768
24772
24772
24773
24773
24773
24774
24775
24778
24780
24782
24787
24793
24794
24801
24801
24804
24807
24812
24815
24819
24824
24831
24831
24836
24849
24851
24853
24857
24858
24861
24873
24877
24880
24880
24881
24881
24883
24885
24887
24887
24888
24888
24892
24896
24898
24904
24908
24911
24913
24918
24920
24923
24925
24927
24927
24928
24932
24942
24944
24950
24952
24956
24957
24957
24961
24963
24970
24972
24972
24973
24975
24977
24979
24980
24982
24982
24988
24991
24994
24996
24997
24997
24997
25004
25009
25013
25014
25020
25021
25022
25023
25032
25041
25044
25054
25054
25055
25056
25057
25059
25061
25065
25067
25069
25070
25070
25071
25073
25076
25076
25079
25081
25082
25083
25084
25084
25087
25091
25093
25094
25096
25099
25104
25106
25117
25120
25120
25120
25123
25126
25129
25129
25134
25136
25142
25148
25148
25150
25150
25152
25164
25166
25168
25168
25170
25174
25174
25176
25178
25179
25182
25183
25192
25193
25196
25198
25198
25202
25218
25218
25219
25227
25230
25231
25234
25236
25239
25243
25244
25248
25248
25250
25252
25255
25257
25261
25262
25263
25269
25280
25282
25287
25291
25294
25295
25300
25303
25304
25305
25306
25309
25312
25318
25327
25329
25330
25331
25333
25336
25337
25340
25349
25358
25359
25360
25367
25368
25370
25371
25371
25374
25377
25379
25381
25382
25391
25393
25396
25396
25403
25404
25415
25422
25429
25431
25436
25438
25440
25446
25449
25453
25453
25455
25455
25460
25460
25461
25462
25471
25476
25477
25480
25482
25485
25486
25487
25493
25499
25499
25499
25500
25506
25515
25516
25518
25521
25524
25534
25537
25541
25544
25544
25546
25547
25553
25556
25558
25564
25564
25564
25568
25572
25575
25578
25583
25589
25590
25603
25604
25605
25608
25609
25610
25613
25615
25618
25623
25626
25627
25629
25630
25632
25633
25644
25649
25654
25655
25656
25657
25658
25662
25665
25665
25679
25681
25681
25682
25682
25682
25684
25684
25685
25687
25691
25696
25699
25699
25701
25704
25711
25712
25713
25714
25716
25725
25728
25733
25739
25743
25743
25758
25763
25769
25769
25784
25787
25787
25791
25795
25800
25806
25815
25816
25817
25820
25821
25825
25831
25832
25835
25836
25838
25845
25848
25849
25849
25851
25852
25852
25853
25854
25861
25863
25865
25866
25879
25881
25884
25885
25894
25894
25894
25895
25900
25902
25914
25919
25922
25924
25927
25934
25937
25941
25947
25951
25954
25955
25957
25959
25962
25963
25967
25969
25970
25972
25974
25977
25978
25985
25985
25994
25997
25999
26005
26011
26013
26014
26016
26023
26024
26026
26028
26030
26030
26035
26035
26037
26039
26040
26044
26044
26044
26049
26051
26054
26056
26058
26059
26062
26065
26065
26065
26068
26073
26074
26077
26086
26087
26101
26101
26107
26108
26126
26127
26128
26136
26138
26140
26143
26147
26149
26149
26158
26174
26183
26184
26184
26185
26185
26187
26191
26196
26196
26202
26205
26207
26210
26215
26217
26217
26217
26219
26220
26229
26230
26239
26239
26245
26249
26257
26260
26260
26261
26266
26266
26267
26269
26274
26274
26276
26279
26286
26289
26294
26295
26296
26298
26298
26300
26305
26306
26313
26316
26322
26323
26333
26334
26344
26352
26355
26360
26364
26365
26370
26373
26374
26382
26383
26385
26390
26391
26394
26411
26411
26412
26413
26417
26419
26425
26427
26429
26433
26433
26435
26437
26440
26440
26441
26450
26452
26452
26454
26454
26459
26460
26464
26464
26470
26473
26476
26487
26491
26493
26499
26501
26503
26504
26505
26508
26509
26509
26517
26525
26529
26529
26531
26534
26536
26542
26544
26546
26546
26546
26548
26550
26551
26551
26552
26553
26572
26576
26576
26578
26584
26587
26589
26591
26600
26600
26610
26611
26616
26617
26618
26619
26624
26629
26632
26639
26639
26640
26640
26640
26647
26655
26656
26656
26660
26665
26667
26668
26670
26680
26689
26694
26696
26697
26698
26702
26703
26710
26720
26722
26728
26729
26732
26733
26734
26734
26738
26748
26756
26757
26764
26764
26768
26768
26769
26776
26779
26780
26781
26785
26785
26786
26788
26789
26795
26796
26797
26798
26810
26819
26822
26825
26842
26842
26844
26847
26849
26853
26854
26855
26855
26856
26861
26863
26865
26865
26865
26871
26871
26874
26875
26875
26878
26879
26880
26888
26889
26890
26890
26892
26901
26903
26907
26911
26914
26915
26915
26922
26923
26925
26927
26928
26932
26937
26957
26963
26968
26974
26992
26994
26995
26997
26998
26999
27000
27001
27002
27005
27008
27011
27011
27014
27018
27020
27026
27029
27035
27037
27041
27043
27051
27056
27058
27071
27073
27074
27076
27083
27087
27088
27101
27107
27111
27111
27119
27122
27122
27128
27129
27142
27144
27144
27145
27145
27148
27148
27149
27160
27162
27162
27163
27164
27164
27165
27169
27171
27172
27175
27176
27176
27180
27193
27196
27196
27199
27201
27208
27210
27218
27221
27223
27224
27235
27245
27246
27246
27247
27254
27256
27260
27260
27261
27274
27274
27282
27288
27298
27304
27306
27308
27313
27318
27319
27320
27325
27329
27331
27333
27337
27355
27356
27359
27374
27377
27381
27383
27385
27385
27390
27392
27398
27401
27402
27405
27409
27410
27412
27415
27418
27419
27420
27426
27428
27429
27433
27438
27439
27439
27441
27442
27444
27459
27462
27474
27475
27479
27480
27482
27489
27495
27497
27498
27499
27503
27509
27517
27521
27521
27523
27524
27524
27530
27530
27532
27533
27546
27546
27550
27552
27557
27560
27561
27561
27563
27564
27565
27572
27575
27577
27578
27579
27579
27581
27587
27593
27593
27596
27601
27610
27612
27613
27619
27620
27622
27629
27634
27637
27638
27641
27642
27645
27656
27657
27659
27662
27664
27671
27674
27675
27675
27675
27675
27678
27685
27693
27702
27706
27707
27708
27710
27711
27712
27712
27714
27721
27725
27725
27733
27734
27736
27737
27737
27739
27741
27747
27749
27750
27758
27761
27766
27771
27773
27778
27779
27780
27787
27791
27793
27794
27810
27810
27813
27825
27825
27834
27842
27848
27852
27854
27856
27860
27877
27882
27883
27888
27888
27890
27890
27894
27895
27896
27906
27907
27909
27913
27914
27916
27918
27923
27926
27930
27933
27938
27939
27941
27941
27942
27942
27945
27948
27952
27956
27959
27964
27966
27967
27987
27987
27997
27999
28002
28005
28006
28007
28015
28021
28021
28024
28030
28032
28032
28032
28034
28040
28042
28044
28044
28045
28052
28053
28056
28058
28058
28061
28061
28066
28069
28073
28074
28078
28081
28085
28087
28089
28096
28097
28098
28099
28101
28101
28105
28109
28112
28114
28116
28117
28124
28133
28135
28136
28139
28146
28153
28159
28160
28177
28180
28181
28182
28188
28189
28190
28190
28194
28195
28197
28197
28201
28203
28207
28207
28209
28214
28214
28216
28217
28229
28230
28234
28238
28240
28241
28245
28246
28247
28252
28253
28262
28266
28273
28276
28280
28285
28293
28299
28301
28301
28302
28307
28314
28325
28342
28346
28348
28355
28363
28378
28381
28383
28384
28388
28388
28397
28414
28416
28418
28419
28419
28421
28426
28427
28429
28443
28444
28446
28449
28450
28455
28461
28473
28473
28474
28474
28481
28487
28488
28489
28490
28495
28498
28500
28501
28506
28507
28511
28511
28512
28516
28517
28517
28518
28520
28522
28524
28525
28528
28528
28532
28536
28538
28539
28540
28541
28551
28552
28553
28557
28557
28561
28565
28571
28584
28588
28589
28590
28591
28592
28595
28598
28599
28602
28611
28617
28619
28620
28627
28627
28628
28630
28631
28632
28637
28641
28641
28641
28645
28646
28652
28653
28654
28655
28655
28659
28660
28665
28668
28670
28673
28678
28682
28682
28694
28696
28697
28700
28702
28703
28717
28720
28723
28725
28725
28727
28728
28729
28729
28731
28732
28732
28736
28736
28738
28745
28746
28746
28752
28754
28754
28759
28761
28768
28769
28772
28778
28781
28782
28788
28789
28791
28791
28793
28794
28795
28796
28807
28810
28810
28810
28811
28812
28819
28823
28827
28834
28835
28846
28851
28852
28854
28857
28858
28862
28863
28871
28876
28879
28887
28889
28890
28892
28892
28892
28895
28899
28900
28903
28915
28916
28919
28923
28925
28931
28932
28933
28935
28935
28936
28938
28945
28946
28951
28955
28964
28965
28967
28970
28977
28978
28982
28982
28987
28988
28989
28990
28992
29000
29002
29004
29005
29006
29012
29020
29033
29038
29043
29048
29049
29050
29052
29054
29055
29056
29059
29060
29069
29072
29073
29074
29078
29079
29083
29084
29096
29097
29099
29099
29099
29104
29107
29108
29110
29112
29112
29122
29126
29127
29127
29130
29137
29141
29144
29145
29145
29154
29155
29160
29161
29165
29166
29166
29168
29170
29177
29186
29201
29201
29202
29209
29218
29218
29234
29235
29236
29236
29240
29242
29245
29257
29261
29275
29279
29282
29286
29289
29289
29293
29294
29294
29304
29317
29323
29327
29328
29329
29335
29336
29338
29347
29352
29355
29360
29371
29372
29376
29377
29382
29385
29393
29395
29398
29401
29403
29406
29412
29417
29417
29418
29422
29436
29437
29448
29455
29459
29464
29465
29471
29473
29476
29476
29483
29488
29488
29491
29492
29493
29496
29502
29503
29509
29509
29514
29514
29515
29522
29523
29523
29524
29526
29531
29538
29539
29539
29540
29546
29548
29554
29557
29564
29567
29568
29575
29579
29580
29580
29589
29589
29592
29592
29596
29601
29604
29606
29610
29619
29620
29627
29629
29633
29636
29638
29641
29651
29652
29663
29664
29665
29665
29666
29666
29667
29669
29678
29685
29689
29691
29691
29693
29704
29705
29705
29706
29712
29718
29719
29723
29726
29731
29735
29735
29738
29747
29752
29757
29758
29758
29770
29770
29779
29784
29785
29788
29790
29794
29806
29809
29811
29811
29813
29813
29814
29815
29823
29826
29829
29830
29831
29832
29833
29835
29836
29841
29844
29846
29846
29847
29852
29856
29860
29860
29866
29867
29868
29876
29879
29880
29881
29882
29884
29884
29894
29898
29905
29905
29905
29906
29907
29909
29916
29916
29917
29921
29926
29932
29934
29937
29941
29942
29942
29944
29951
29957
29958
29960
29961
29962
29964
29969
29975
29983
29994
29995
29995
30000
30008
30009
30009
30015
30018
30023
30024
30025
30026
30028
30032
30034
30045
30046
30048
30065
30068
30070
30071
30072
30072
30075
30075
30077
30078
30081
30082
30086
30086
30089
30091
30097
30098
30102
30103
30105
30106
30108
30109
30115
30115
30116
30118
30119
30123
30125
30127
30128
30131
30132
30135
30136
30139
30141
30142
30146
30146
30152
30156
30156
30162
30164
30168
30177
30179
30182
30183
30185
30187
30188
30191
30202
30207
30212
30225
30227
30234
30237
30250
30250
30251
30251
30255
30256
30260
30263
30270
30270
30279
30284
30286
30294
30296
30297
30309
30311
30315
30319
30319
30323
30329
30330
30330
30333
30337
30338
30344
30347
30349
30351
30353
30356
30365
30365
30365
30369
30373
30379
30386
30387
30393
30394
30394
30394
30397
30397
30397
30403
30408
30412
30414
30415
30416
30418
30433
30440
30441
30441
30445
30446
30452
30455
30458
30467
30468
30470
30470
30472
30482
30486
30488
30488
30489
30492
30497
30498
30502
30503
30506
30508
30510
30510
30531
30531
30533
30534
30535
30535
30537
30539
30545
30545
30551
30552
30555
30556
30557
30563
30570
30573
30573
30574
30575
30576
30578
30579
30579
30584
30586
30586
30597
30602
30602
30604
30607
30615
30617
30617
30620
30622
30626
30630
30635
30639
30643
30644
30652
30653
30654
30655
30655
30674
30676
30678
30680
30684
30687
30689
30697
30699
30699
30705
30709
30709
30711
30721
30724
30725
30725
30726
30726
30728
30733
30733
30734
30737
30739
30740
30744
30745
30745
30746
30747
30748
30753
30754
30754
30759
30762
30783
30790
30801
30809
30814
30817
30817
30819
30824
30827
30828
30828
30830
30832
30832
30833
30839
30839
30839
30840
30842
30853
30853
30856
30861
30863
30864
30864
30866
30869
30869
30871
30871
30875
30877
30878
30878
30879
30889
30890
30897
30905
30906
30906
30910
30926
30934
30937
30939
30941
30946
30946
30946
30948
30949
30952
30953
30956
30957
30961
30964
30966
30972
30974
30976
30977
30984
30987
30990
30997
31000
31002
31007
31007
31008
31010
31010
31015
31023
31033
31034
31035
31037
31044
31044
31051
31055
31056
31059
31063
31064
31072
31072
31074
31082
31083
31084
31084
31088
31101
31102
31113
31123
31124
31130
31133
31139
31144
31144
31149
31151
31153
31157
31158
31160
31163
31167
31171
31172
31175
31176
31184
31194
31204
31206
31207
31207
31209
31210
31213
31213
31215
31216
31225
31241
31243
31246
31252
31253
31258
31261
31261
31263
31271
31283
31283
31284
31285
31296
31300
31302
31309
31313
31317
31325
31327
31330
31337
31341
31350
31352
31352
31353
31358
31358
31360
31367
31370
31372
31373
31379
31384
31390
31391
31394
31395
31398
31398
31399
31400
31406
31408
31410
31412
31414
31419
31423
31428
31429
31430
31431
31431
31435
31436
31439
31444
31449
31450
31452
31453
31459
31464
31476
31483
31491
31494
31494
31494
31499
31502
31504
31506
31508
31509
31512
31516
31517
31518
31519
31522
31533
31534
31535
31539
31544
31548
31549
31552
31554
31558
31567
31572
31580
31582
31583
31585
31587
31588
31589
31595
31596
31597
31598
31600
31606
31609
31618
31619
31629
31632
31635
31637
31645
31649
31651
31655
31658
31659
31661
31666
31671
31674
31674
31676
31686
31689
31697
31702
31705
31708
31709
31710
31716
31721
31722
31723
31727
31729
31730
31733
31734
31735
31739
31739
31745
31749
31752
31753
31766
31781
31788
31788
31791
31792
31795
31797
31800
31808
31809
31812
31814
31823
31827
31828
31834
31834
31841
31843
31845
31847
31857
31860
31866
31868
31871
31871
31880
31881
31884
31887
31891
31893
31894
31897
31903
31904
31904
31907
31911
31918
31926
31933
31941
31956
31956
31963
31969
31972
31975
31976
31977
31980
31981
31981
31985
31987
31988
31990
31999
32000
32001
32001
32004
32005
32041
32041
32042
32044
32044
32045
32052
32053
32053
32057
32058
32058
32061
32067
32068
32071
32071
32073
32077
32078
32081
32087
32092
32094
32096
32096
32098
32100
32102
32104
32109
32112
32118
32123
32124
32124
32128
32129
32129
32134
32135
32135
32142
32145
32147
32148
32151
32153
32154
32159
32161
32162
32163
32167
32167
32167
32174
32175
32176
32177
32177
32186
32189
32198
32203
32203
32204
32206
32207
32212
32216
32216
32217
32219
32225
32225
32231
32234
32235
32236
32236
32239
32240
32255
32257
32261
32266
32268
32268
32269
32269
32270
32271
32272
32277
32278
32279
32289
32289
32290
32299
32300
32301
32309
32310
32310
32315
32319
32322
32323
32327
32330
32331
32331
32336
32341
32342
32342
32344
32344
32345
32348
32352
32354
32360
32375
32380
32381
32381
32383
32383
32386
32391
32393
32399
32405
32407
32411
32417
32417
32417
32417
32418
32423
32428
32428
32433
32434
32437
32437
32437
32439
32444
32448
32454
32456
32458
32458
32461
32467
32472
32475
32481
32481
32486
32486
32488
32493
32499
32500
32500
32502
32511
32518
32522
32523
32525
32526
32529
32530
32543
32543
32544
32544
32547
32559
32568
32568
32569
32569
32580
32580
32583
32584
32587
32589
32592
32599
32601
32603
32604
32610
32612
32613
32621
32622
32624
32630
32639
32643
32649
32657
32664
32667
32672
32674
32680
32682
32683
32693
32700
32700
32703
32714
32715
32715
32717
32718
32728
32730
32731
32732
32734
32734
32737
32739
32744
32748
32751
32757
32757
32760
32760
32760
32762
32762
